#Sample	Not specified
RF-Frequency	Timestamp	Photon Counter1 CH A	Photon Counter1 CH B	Photon Counter1 Ratio
Hz	s since 1904-01-01 12amUTC	counts	counts	a.u.
2750000000.00	3728978800.13	1021658.00000	1024486.00000	0.997239591366
2752000000.00	3728978801.47	1010788.00000	1014480.00000	0.996360697106
2754000000.00	3728978802.76	1022386.00000	1021061.00000	1.00129766978
2756000000.00	3728978804.05	1004917.00000	1005308.00000	0.999611064470
2758000000.00	3728978805.37	1007019.00000	1007859.00000	0.999166550083
2760000000.00	3728978806.66	995637.000000	997607.000000	0.998025274482
2762000000.00	3728978807.99	1008806.00000	1006992.00000	1.00180140458
2764000000.00	3728978809.28	1020763.00000	1020679.00000	1.00008229816
2766000000.00	3728978810.57	1018064.00000	1020690.00000	0.997427230599
2768000000.00	3728978811.90	1015952.00000	1017078.00000	0.998892906935
2770000000.00	3728978813.19	995292.000000	997952.000000	0.997334541140
2772000000.00	3728978814.48	998566.000000	997280.000000	1.00128950746
2774000000.00	3728978815.81	1004271.00000	1002643.00000	1.00162370854
2776000000.00	3728978817.10	1007860.00000	1009675.00000	0.998202391859
2778000000.00	3728978818.39	1011713.00000	1014477.00000	0.997275443406
2780000000.00	3728978819.72	1009861.00000	1011114.00000	0.998760772771
2782000000.00	3728978821.01	1017428.00000	1018023.00000	0.999415533834
2784000000.00	3728978822.30	1015762.00000	1016246.00000	0.999523737363
2786000000.00	3728978823.63	1019100.00000	1018929.00000	1.00016782327
2788000000.00	3728978824.92	1028104.00000	1030680.00000	0.997500679163
2790000000.00	3728978826.21	1030122.00000	1029614.00000	1.00049338878
2792000000.00	3728978827.54	1028867.00000	1030873.00000	0.998054076496
2794000000.00	3728978828.83	1015489.00000	1016696.00000	0.998812821138
2796000000.00	3728978830.12	1009649.00000	1012551.00000	0.997133971523
2798000000.00	3728978831.45	1010435.00000	1013013.00000	0.997455116568
2800000000.00	3728978832.74	1007426.00000	1007919.00000	0.999510873394
2802000000.00	3728978834.03	1020151.00000	1021551.00000	0.998629534894
2804000000.00	3728978835.36	1013982.00000	1014960.00000	0.999036415228
2806000000.00	3728978836.65	1008074.00000	1008893.00000	0.999188219167
2808000000.00	3728978837.94	996635.000000	996606.000000	1.00002909876
2810000000.00	3728978839.27	1016928.00000	1019780.00000	0.997203318363
2812000000.00	3728978840.56	1008321.00000	1009638.00000	0.998695572076
2814000000.00	3728978841.85	1004787.00000	1005340.00000	0.999449937335
2816000000.00	3728978843.17	1018691.00000	1020204.00000	0.998516963274
2818000000.00	3728978844.46	1023410.00000	1026981.00000	0.996522817852
2820000000.00	3728978845.75	1023223.00000	1024452.00000	0.998800334227
2822000000.00	3728978847.07	1028866.00000	1030710.00000	0.998210941972
2824000000.00	3728978848.36	1031234.00000	1032676.00000	0.998603627856
2826000000.00	3728978849.65	1015729.00000	1016573.00000	0.999169759575
2828000000.00	3728978850.97	1016387.00000	1016688.00000	0.999703940639
2830000000.00	3728978852.27	1004766.00000	1004615.00000	1.00015030634
2832000000.00	3728978853.60	1010347.00000	1013466.00000	0.996922442391
2834000000.00	3728978854.89	1023002.00000	1021519.00000	1.00145175959
2836000000.00	3728978856.18	1020833.00000	1022014.00000	0.998844438530
2838000000.00	3728978857.51	1020239.00000	1020804.00000	0.999446514708
2840000000.00	3728978858.80	1026951.00000	1025517.00000	1.00139831909
2842000000.00	3728978860.10	1027554.00000	1026901.00000	1.00063589382
2844000000.00	3728978861.43	1014851.00000	1015544.00000	0.999317607115
2846000000.00	3728978862.72	1023201.00000	1024799.00000	0.998440669829
2848000000.00	3728978864.01	1023049.00000	1022981.00000	1.00006647240
2850000000.00	3728978865.34	1027929.00000	1028178.00000	0.999757824034
2852000000.00	3728978866.63	1014411.00000	1017018.00000	0.997436623541
2854000000.00	3728978867.92	1026338.00000	1029367.00000	0.997057414897
2856000000.00	3728978869.21	1024013.00000	1026990.00000	0.997101237597
2858000000.00	3728978870.53	1019241.00000	1026873.00000	0.992567727460
2860000000.00	3728978871.82	997821.000000	1010337.00000	0.987612054196
2862000000.00	3728978873.15	999395.000000	1014248.00000	0.985355652661
2864000000.00	3728978874.44	1001353.00000	1015198.00000	0.986362266277
2866000000.00	3728978875.73	1006370.00000	1016828.00000	0.989715074723
2868000000.00	3728978877.06	1026409.00000	1028356.00000	0.998106686789
2870000000.00	3728978878.35	1029472.00000	1033875.00000	0.995741264660
2872000000.00	3728978879.64	1008954.00000	1011134.00000	0.997844004850
2874000000.00	3728978880.97	1003830.00000	1006607.00000	0.997241227212
2876000000.00	3728978882.26	1009742.00000	1012519.00000	0.997257335418
2878000000.00	3728978883.55	1008418.00000	1014123.00000	0.994374449648
2880000000.00	3728978884.88	997937.000000	1010422.00000	0.987643776561
2882000000.00	3728978886.17	1000169.00000	1010632.00000	0.989647072327
2884000000.00	3728978887.46	1014928.00000	1026396.00000	0.988826924501
2886000000.00	3728978888.78	1018484.00000	1026717.00000	0.991981237283
2888000000.00	3728978890.07	1012384.00000	1017509.00000	0.994963189515
2890000000.00	3728978891.40	1024144.00000	1026501.00000	0.997703850264
2892000000.00	3728978892.69	1021627.00000	1024064.00000	0.997620265921
2894000000.00	3728978893.98	1026431.00000	1028003.00000	0.998470821583
2896000000.00	3728978895.31	1035564.00000	1034690.00000	1.00084469745
2898000000.00	3728978896.60	1035881.00000	1036155.00000	0.999735560799
2900000000.00	3728978897.89	1030630.00000	1028936.00000	1.00164636090
2902000000.00	3728978899.22	1028443.00000	1027136.00000	1.00127247025
2904000000.00	3728978900.51	1025373.00000	1026998.00000	0.998417718438
2906000000.00	3728978901.80	1026317.00000	1029653.00000	0.996760073539
2908000000.00	3728978903.13	1037635.00000	1040569.00000	0.997180388807
2910000000.00	3728978904.42	1028197.00000	1028550.00000	0.999656798406
2912000000.00	3728978905.71	1041516.00000	1040146.00000	1.00131712279
2914000000.00	3728978907.04	1036392.00000	1037328.00000	0.999097681736
2916000000.00	3728978908.33	1024625.00000	1023452.00000	1.00114612117
2918000000.00	3728978909.62	1021897.00000	1020828.00000	1.00104718914
2920000000.00	3728978910.95	1021204.00000	1020537.00000	1.00065357748
2922000000.00	3728978912.24	1034347.00000	1035101.00000	0.999271568668
2924000000.00	3728978913.53	1028082.00000	1028697.00000	0.999402156320
2926000000.00	3728978914.82	1020816.00000	1020163.00000	1.00064009379
2928000000.00	3728978916.14	1021550.00000	1020049.00000	1.00147149794
2930000000.00	3728978917.43	1022499.00000	1025363.00000	0.997206842845
2932000000.00	3728978918.72	1032106.00000	1033633.00000	0.998522686485
2934000000.00	3728978920.04	1038899.00000	1041064.00000	0.997920396825
2936000000.00	3728978921.33	1031471.00000	1032708.00000	0.998802178351
2938000000.00	3728978922.61	1026581.00000	1029536.00000	0.997129774967
2940000000.00	3728978923.93	1037377.00000	1039510.00000	0.997948071688
2942000000.00	3728978925.22	1046630.00000	1049175.00000	0.997574284557
2944000000.00	3728978926.51	1038994.00000	1040759.00000	0.998304122280
2946000000.00	3728978927.83	1035125.00000	1033646.00000	1.00143085737
2948000000.00	3728978929.12	1036121.00000	1037551.00000	0.998621754497
2950000000.00	3728978930.42	1031347.00000	1031417.00000	0.999932132203
2952000000.00	3728978931.74	1048472.00000	1049753.00000	0.998779712942
2954000000.00	3728978933.03	1049327.00000	1052228.00000	0.997242992964
2956000000.00	3728978934.32	1047063.00000	1047579.00000	0.999507435716
2958000000.00	3728978935.64	1047927.00000	1046599.00000	1.00126887184
2960000000.00	3728978936.93	1046590.00000	1046368.00000	1.00021216245
2962000000.00	3728978938.22	1057337.00000	1059565.00000	0.997897250287
2964000000.00	3728978939.55	1050364.00000	1051095.00000	0.999304534795
2966000000.00	3728978940.84	1054972.00000	1056634.00000	0.998427080711
2968000000.00	3728978942.13	1063133.00000	1062514.00000	1.00058258056
2970000000.00	3728978943.45	1053732.00000	1057388.00000	0.996542423406
2972000000.00	3728978944.74	1080692.00000	1082610.00000	0.998228355548
2974000000.00	3728978946.03	1075228.00000	1076408.00000	0.998903761399
2976000000.00	3728978947.35	1076913.00000	1078293.00000	0.998720199426
2978000000.00	3728978948.64	1060793.00000	1061381.00000	0.999446004781
2980000000.00	3728978949.93	1074829.00000	1073671.00000	1.00107854268
2982000000.00	3728978951.25	1067456.00000	1066351.00000	1.00103624416
2984000000.00	3728978952.54	1046701.00000	1046176.00000	1.00050182761
2986000000.00	3728978953.87	1068852.00000	1069800.00000	0.999113853057
2988000000.00	3728978955.16	1087428.00000	1087236.00000	1.00017659459
2990000000.00	3728978956.45	1076668.00000	1076581.00000	1.00008081138
