#Sample	Not specified	
#B-Field Phi	2.00002839362E+1	deg
RF-Frequency	Timestamp	Photon Counter1 CH A	Photon Counter1 CH B	Photon Counter1 Ratio
Hz	s since 1904-01-01 12amUTC	counts	counts	a.u.
2770000000.00	3728985916.77	1265468.00000	1267251.00000	0.998593017484
2770850000.00	3728985918.06	1264334.00000	1265638.00000	0.998969689595
2771700000.00	3728985919.35	1263223.00000	1264173.00000	0.999248520574
2772550000.00	3728985920.67	1266253.00000	1262123.00000	1.00327226427
2773400000.00	3728985921.96	1261907.00000	1264603.00000	0.997868105643
2774250000.00	3728985923.29	1263631.00000	1265271.00000	0.998703834989
2775100000.00	3728985924.58	1265193.00000	1265392.00000	0.999842736480
2775950000.00	3728985925.87	1263790.00000	1266020.00000	0.998238574430
2776800000.00	3728985927.16	1268839.00000	1270412.00000	0.998761819000
2777650000.00	3728985928.48	1266672.00000	1270944.00000	0.996638718936
2778500000.00	3728985929.77	1269191.00000	1271283.00000	0.998354418332
2779350000.00	3728985931.10	1268632.00000	1271278.00000	0.997918629914
2780200000.00	3728985932.39	1265940.00000	1268230.00000	0.998194333835
2781050000.00	3728985933.68	1271340.00000	1270431.00000	1.00071550521
2781900000.00	3728985935.01	1268033.00000	1270003.00000	0.998448822562
2782750000.00	3728985936.30	1266894.00000	1269331.00000	0.998080091009
2783600000.00	3728985937.58	1267763.00000	1269506.00000	0.998627025000
2784450000.00	3728985938.91	1273979.00000	1273828.00000	1.00011854034
2785300000.00	3728985940.20	1267451.00000	1265916.00000	1.00121256071
2786150000.00	3728985941.49	1273003.00000	1273456.00000	0.999644275106
2787000000.00	3728985942.82	1271719.00000	1272481.00000	0.999401169841
2787850000.00	3728985944.11	1272026.00000	1271542.00000	1.00038064020
2788700000.00	3728985945.40	1273335.00000	1273692.00000	0.999719712458
2789550000.00	3728985946.72	1272073.00000	1274770.00000	0.997884324231
2790400000.00	3728985948.01	1272052.00000	1272670.00000	0.999514406720
2791250000.00	3728985949.30	1266892.00000	1269885.00000	0.997643093666
2792100000.00	3728985950.62	1275702.00000	1278100.00000	0.998123777482
2792950000.00	3728985951.91	1268676.00000	1272290.00000	0.997159452641
2793800000.00	3728985953.24	1270159.00000	1269364.00000	1.00062629789
2794650000.00	3728985954.53	1273805.00000	1272076.00000	1.00135919552
2795500000.00	3728985955.82	1275513.00000	1275033.00000	1.00037646084
2796350000.00	3728985957.15	1276366.00000	1275665.00000	1.00054951731
2797200000.00	3728985958.44	1277863.00000	1278678.00000	0.999362622959
2798050000.00	3728985959.73	1268750.00000	1271064.00000	0.998179477981
2798900000.00	3728985961.04	1275403.00000	1276123.00000	0.999435791064
2799750000.00	3728985962.33	1274126.00000	1275164.00000	0.999185987057
2800600000.00	3728985963.62	1274130.00000	1276217.00000	0.998364698167
2801450000.00	3728985964.95	1272419.00000	1273111.00000	0.999456449595
2802300000.00	3728985966.24	1263771.00000	1265829.00000	0.998374187983
2803150000.00	3728985967.53	1267108.00000	1268654.00000	0.998781385626
2804000000.00	3728985968.86	1275159.00000	1275753.00000	0.999534392629
2804850000.00	3728985970.15	1274744.00000	1276281.00000	0.998795719751
2805700000.00	3728985971.44	1276913.00000	1279168.00000	0.998237135388
2806550000.00	3728985972.77	1279978.00000	1279840.00000	1.00010782598
2807400000.00	3728985974.06	1272327.00000	1274159.00000	0.998562188863
2808250000.00	3728985975.35	1279140.00000	1282441.00000	0.997426002444
2809100000.00	3728985976.68	1271254.00000	1271715.00000	0.999637497395
2809950000.00	3728985977.97	1276724.00000	1277514.00000	0.999381611474
2810800000.00	3728985979.26	1281162.00000	1284445.00000	0.997444032247
2811650000.00	3728985980.58	1278815.00000	1280870.00000	0.998395621726
2812500000.00	3728985981.87	1277877.00000	1277573.00000	1.00023795118
2813350000.00	3728985983.14	1269461.00000	1272120.00000	0.997909788385
2814200000.00	3728985984.45	1269196.00000	1271452.00000	0.998225650673
2815050000.00	3728985985.74	1260714.00000	1260691.00000	1.00001824396
2815900000.00	3728985987.03	1261649.00000	1263100.00000	0.998851239015
2816750000.00	3728985988.36	1273204.00000	1275174.00000	0.998455112792
2817600000.00	3728985989.65	1270584.00000	1272381.00000	0.998587687179
2818450000.00	3728985990.94	1268509.00000	1267703.00000	1.00063579561
2819300000.00	3728985992.26	1267771.00000	1268986.00000	0.999042542629
2820150000.00	3728985993.55	1269792.00000	1271605.00000	0.998574242788
2821000000.00	3728985994.82	1270900.00000	1272388.00000	0.998830545400
2821850000.00	3728985996.15	1280082.00000	1281970.00000	0.998527266629
2822700000.00	3728985997.44	1281886.00000	1282621.00000	0.999426954650
2823550000.00	3728985998.73	1276454.00000	1279003.00000	0.998007041422
2824400000.00	3728986000.05	1268224.00000	1268353.00000	0.999898293298
2825250000.00	3728986001.34	1274235.00000	1274731.00000	0.999610898299
2826100000.00	3728986002.67	1278440.00000	1282212.00000	0.997058208783
2826950000.00	3728986003.96	1279328.00000	1283831.00000	0.996492529001
2827800000.00	3728986005.25	1279325.00000	1281289.00000	0.998467168609
2828650000.00	3728986006.58	1281769.00000	1284694.00000	0.997723193227
2829500000.00	3728986007.87	1278108.00000	1279710.00000	0.998748153879
2830350000.00	3728986009.16	1279127.00000	1282220.00000	0.997587777448
2831200000.00	3728986010.49	1272980.00000	1277848.00000	0.996190470228
2832050000.00	3728986011.78	1276132.00000	1287064.00000	0.991506249883
2832900000.00	3728986013.07	1273048.00000	1280379.00000	0.994274351579
2833750000.00	3728986014.40	1267782.00000	1280884.00000	0.989771126816
2834600000.00	3728986015.69	1268332.00000	1279352.00000	0.991386264296
2835450000.00	3728986016.98	1268373.00000	1278568.00000	0.992026235601
2836300000.00	3728986018.31	1268159.00000	1282701.00000	0.988662985372
2837150000.00	3728986019.60	1271303.00000	1281377.00000	0.992138145136
2838000000.00	3728986020.89	1271710.00000	1283836.00000	0.990554868379
2838850000.00	3728986022.22	1270226.00000	1277557.00000	0.994261704174
2839700000.00	3728986023.51	1275116.00000	1282222.00000	0.994458057965
2840550000.00	3728986024.80	1273979.00000	1281258.00000	0.994318864741
2841400000.00	3728986026.13	1276738.00000	1284327.00000	0.994091068708
2842250000.00	3728986027.42	1275663.00000	1281581.00000	0.995382266123
2843100000.00	3728986028.71	1278615.00000	1283135.00000	0.996477377673
2843950000.00	3728986030.04	1273337.00000	1279354.00000	0.995296845127
2844800000.00	3728986031.33	1264416.00000	1275473.00000	0.991331059144
2845650000.00	3728986032.62	1266003.00000	1277054.00000	0.991346489655
2846500000.00	3728986033.95	1272280.00000	1280885.00000	0.993281988625
2847350000.00	3728986035.24	1277846.00000	1287131.00000	0.992786282049
2848200000.00	3728986036.53	1278697.00000	1288387.00000	0.992478967888
2849050000.00	3728986037.85	1269791.00000	1276850.00000	0.994471551083
2849900000.00	3728986039.14	1266984.00000	1277320.00000	0.991908057495
2850750000.00	3728986040.47	1280498.00000	1285121.00000	0.996402673367
2851600000.00	3728986041.76	1284191.00000	1287572.00000	0.997374127427
2852450000.00	3728986043.05	1278310.00000	1281508.00000	0.997504502508
2853300000.00	3728986044.38	1281527.00000	1285322.00000	0.997047432472
2854150000.00	3728986045.67	1287398.00000	1290627.00000	0.997498115257
2855000000.00	3728986046.96	1286587.00000	1292348.00000	0.995542222374
2855850000.00	3728986048.29	1280445.00000	1283904.00000	0.997305873336
2856700000.00	3728986049.58	1282382.00000	1282345.00000	1.00002885339
2857550000.00	3728986050.87	1275520.00000	1277460.00000	0.998481361452
2858400000.00	3728986052.18	1273564.00000	1277367.00000	0.997022782020
2859250000.00	3728986053.47	1274892.00000	1280498.00000	0.995622015809
2860100000.00	3728986054.76	1277591.00000	1279931.00000	0.998171776447
2860950000.00	3728986056.09	1279187.00000	1279005.00000	1.00014229811
2861800000.00	3728986057.38	1279052.00000	1281886.00000	0.997789194983
2862650000.00	3728986058.67	1277900.00000	1280403.00000	0.998045146723
2863500000.00	3728986059.99	1280079.00000	1284169.00000	0.996815060946
2864350000.00	3728986061.28	1281979.00000	1282696.00000	0.999441021099
2865200000.00	3728986062.57	1287318.00000	1288005.00000	0.999466616977
2866050000.00	3728986063.89	1275158.00000	1279518.00000	0.996592466851
2866900000.00	3728986065.18	1278981.00000	1280791.00000	0.998586810807
2867750000.00	3728986066.47	1283683.00000	1283862.00000	0.999860576916
2868600000.00	3728986067.79	1290227.00000	1288104.00000	1.00164815884
2869450000.00	3728986069.08	1276733.00000	1280381.00000	0.997150848068
2870300000.00	3728986070.41	1284212.00000	1283918.00000	1.00022898659
2871150000.00	3728986071.70	1281918.00000	1284904.00000	0.997676090976
2872000000.00	3728986072.99	1278511.00000	1281692.00000	0.997518124479
2872850000.00	3728986074.32	1293088.00000	1291468.00000	1.00125438648
2873700000.00	3728986075.61	1282445.00000	1284486.00000	0.998411037567
2874550000.00	3728986076.90	1286087.00000	1287386.00000	0.998990978619
2875400000.00	3728986078.23	1278289.00000	1279394.00000	0.999136309847
2876250000.00	3728986079.52	1280959.00000	1285458.00000	0.996500080127
2877100000.00	3728986080.81	1286775.00000	1290829.00000	0.996859382614
2877950000.00	3728986082.13	1287825.00000	1289771.00000	0.998491205028
2878800000.00	3728986083.42	1288423.00000	1291699.00000	0.997463805422
2879650000.00	3728986084.71	1286733.00000	1286909.00000	0.999863238193
2880500000.00	3728986086.04	1289904.00000	1295517.00000	0.995667366773
2881350000.00	3728986087.33	1284258.00000	1285841.00000	0.998768899110
2882200000.00	3728986088.62	1278948.00000	1282713.00000	0.997064814966
2883050000.00	3728986089.94	1289344.00000	1290574.00000	0.999046935705
2883900000.00	3728986091.23	1291864.00000	1294704.00000	0.997806448424
2884750000.00	3728986092.52	1290653.00000	1293884.00000	0.997502867336
2885600000.00	3728986093.84	1283987.00000	1291169.00000	0.994437598796
2886450000.00	3728986095.13	1283732.00000	1288721.00000	0.996128719870
2887300000.00	3728986096.42	1287257.00000	1296345.00000	0.992989520537
2888150000.00	3728986097.74	1283529.00000	1293857.00000	0.992017665012
2889000000.00	3728986099.03	1278885.00000	1291885.00000	0.989937184811
2889850000.00	3728986100.36	1282898.00000	1296643.00000	0.989399549452
2890700000.00	3728986101.65	1278060.00000	1293944.00000	0.987724352831
2891550000.00	3728986102.94	1279586.00000	1292931.00000	0.989678490190
2892400000.00	3728986104.27	1274985.00000	1286712.00000	0.990886072408
2893250000.00	3728986105.56	1281146.00000	1292297.00000	0.991371178607
2894100000.00	3728986106.85	1281561.00000	1292018.00000	0.991906459508
2894950000.00	3728986108.18	1286025.00000	1295216.00000	0.992903886302
2895800000.00	3728986109.47	1289438.00000	1297222.00000	0.993999485053
2896650000.00	3728986110.76	1286458.00000	1293795.00000	0.994329086138
2897500000.00	3728986112.09	1283517.00000	1293298.00000	0.992437164520
2898350000.00	3728986113.38	1282770.00000	1293159.00000	0.991966185133
2899200000.00	3728986114.67	1282296.00000	1293746.00000	0.991149731091
2900050000.00	3728986116.00	1278649.00000	1292823.00000	0.989036395547
2900900000.00	3728986117.29	1283928.00000	1296446.00000	0.990344372230
2901750000.00	3728986118.58	1274356.00000	1289218.00000	0.988472081525
2902600000.00	3728986119.91	1287963.00000	1300703.00000	0.990205296674
2903450000.00	3728986121.20	1287815.00000	1300001.00000	0.990626161057
2904300000.00	3728986122.49	1285815.00000	1296588.00000	0.991691269702
2905150000.00	3728986123.82	1288490.00000	1295932.00000	0.994257414741
2906000000.00	3728986125.11	1291637.00000	1297770.00000	0.995274201130
2906850000.00	3728986126.40	1293764.00000	1297360.00000	0.997228217303
2907700000.00	3728986127.73	1296513.00000	1304313.00000	0.994019840330
2908550000.00	3728986129.02	1295664.00000	1300797.00000	0.996053957689
2909400000.00	3728986130.31	1300803.00000	1300056.00000	1.00057459063
2910250000.00	3728986131.64	1297554.00000	1300719.00000	0.997566730401
2911100000.00	3728986132.93	1296168.00000	1298005.00000	0.998584751214
2911950000.00	3728986134.22	1302250.00000	1302406.00000	0.999880221682
2912800000.00	3728986135.55	1297149.00000	1299926.00000	0.997863724550
2913650000.00	3728986136.84	1298687.00000	1299620.00000	0.999282097844
2914500000.00	3728986138.14	1295545.00000	1298252.00000	0.997914888635
2915350000.00	3728986139.46	1300856.00000	1300406.00000	1.00034604577
2916200000.00	3728986140.75	1299621.00000	1300254.00000	0.999513172042
2917050000.00	3728986142.08	1299342.00000	1301267.00000	0.998520672545
2917900000.00	3728986143.37	1298681.00000	1303103.00000	0.996606561415
2918750000.00	3728986144.66	1298181.00000	1299511.00000	0.998976538098
2919600000.00	3728986145.99	1304835.00000	1305487.00000	0.999500569519
2920450000.00	3728986147.28	1305865.00000	1308377.00000	0.998080064079
2921300000.00	3728986148.57	1303896.00000	1308000.00000	0.996862385321
2922150000.00	3728986149.86	1302370.00000	1303753.00000	0.998939216247
2923000000.00	3728986151.18	1293902.00000	1294512.00000	0.999528779957
2923850000.00	3728986152.48	1298593.00000	1301305.00000	0.997915938231
2924700000.00	3728986153.75	1296096.00000	1296545.00000	0.999653695013
2925550000.00	3728986155.08	1294274.00000	1295602.00000	0.998974993864
2926400000.00	3728986156.37	1296136.00000	1299847.00000	0.997145048610
2927250000.00	3728986157.66	1297419.00000	1299920.00000	0.998076035448
2928100000.00	3728986158.99	1304896.00000	1305128.00000	0.999822239658
2928950000.00	3728986160.28	1305990.00000	1307420.00000	0.998906242829
2929800000.00	3728986161.57	1294222.00000	1295824.00000	0.998763720999
2930650000.00	3728986162.89	1294633.00000	1295506.00000	0.999326132029
2931500000.00	3728986164.18	1302946.00000	1306511.00000	0.997271358603
2932350000.00	3728986165.47	1309853.00000	1309474.00000	1.00028942919
2933200000.00	3728986166.80	1307472.00000	1306160.00000	1.00100447112
2934050000.00	3728986168.09	1306213.00000	1308290.00000	0.998412431495
2934900000.00	3728986169.38	1308444.00000	1308523.00000	0.999939626587
2935750000.00	3728986170.70	1304134.00000	1307358.00000	0.997533957799
2936600000.00	3728986171.99	1303258.00000	1305870.00000	0.997999800899
2937450000.00	3728986173.26	1303457.00000	1306263.00000	0.997851887407
2938300000.00	3728986174.58	1303930.00000	1306223.00000	0.998244557017
2939150000.00	3728986175.87	1298174.00000	1300776.00000	0.997999655590
2940000000.00	3728986177.16	1304417.00000	1305938.00000	0.998835319900
2940850000.00	3728986178.49	1306177.00000	1306851.00000	0.999484256430
2941700000.00	3728986179.78	1299082.00000	1300664.00000	0.998783698173
2942550000.00	3728986181.07	1297207.00000	1298851.00000	0.998734265901
2943400000.00	3728986182.40	1305805.00000	1304830.00000	1.00074722378
2944250000.00	3728986183.69	1304578.00000	1303897.00000	1.00052228052
2945100000.00	3728986184.98	1302980.00000	1305915.00000	0.997752533664
2945950000.00	3728986186.31	1304861.00000	1307977.00000	0.997617695112
2946800000.00	3728986187.60	1308408.00000	1308188.00000	1.00016817155
2947650000.00	3728986188.89	1309375.00000	1310203.00000	0.999368036861
2948500000.00	3728986190.22	1307693.00000	1311523.00000	0.997079730969
2949350000.00	3728986191.51	1310172.00000	1310307.00000	0.999896970710
2950200000.00	3728986192.80	1303704.00000	1304887.00000	0.999093408088
2951050000.00	3728986194.13	1305522.00000	1305717.00000	0.999850656766
2951900000.00	3728986195.42	1302991.00000	1302608.00000	1.00029402552
2952750000.00	3728986196.71	1299919.00000	1302415.00000	0.998083560156
2953600000.00	3728986198.04	1302563.00000	1306206.00000	0.997211006533
2954450000.00	3728986199.33	1303797.00000	1307163.00000	0.997424957714
2955300000.00	3728986200.61	1309421.00000	1310214.00000	0.999394755361
2956150000.00	3728986201.93	1304915.00000	1306606.00000	0.998705807259
2957000000.00	3728986203.22	1303275.00000	1303674.00000	0.999693941890
2957850000.00	3728986204.51	1308358.00000	1311594.00000	0.997532773099
2958700000.00	3728986205.84	1309548.00000	1310255.00000	0.999460410378
2959550000.00	3728986207.13	1308220.00000	1310115.00000	0.998553562092
2960400000.00	3728986208.42	1306187.00000	1310311.00000	0.996852655591
2961250000.00	3728986209.74	1306352.00000	1306529.00000	0.999864526543
2962100000.00	3728986211.03	1310981.00000	1313680.00000	0.997945466171
2962950000.00	3728986212.30	1310060.00000	1311359.00000	0.999009424574
2963800000.00	3728986213.62	1317720.00000	1317819.00000	0.999924875874
2964650000.00	3728986214.91	1319349.00000	1317990.00000	1.00103111556
2965500000.00	3728986216.20	1310538.00000	1313324.00000	0.997878665128
2966350000.00	3728986217.53	1310469.00000	1312718.00000	0.998286760751
2967200000.00	3728986218.82	1304947.00000	1308450.00000	0.997322786503
2968050000.00	3728986220.11	1307813.00000	1310403.00000	0.998023508798
2968900000.00	3728986221.44	1315659.00000	1316762.00000	0.999162339132
2969750000.00	3728986222.73	1317113.00000	1316300.00000	1.00061764036
