#Sample	Not specified
RF-Frequency	Timestamp	Photon Counter1 CH A	Photon Counter1 CH B	Photon Counter1 Ratio
Hz	s since 1904-01-01 12amUTC	counts	counts	a.u.
2830000000.00	3729001215.16	1156670.00000	1159600.00000	0.997473266644
2830300000.00	3729001216.50	1150361.00000	1152497.00000	0.998146632920
2830600000.00	3729001217.79	1146102.00000	1150261.00000	0.996384298868
2830900000.00	3729001219.08	1155554.00000	1155330.00000	1.00019388400
2831200000.00	3729001220.41	1154566.00000	1156679.00000	0.998173218326
2831500000.00	3729001221.69	1154730.00000	1157203.00000	0.997862950580
2831800000.00	3729001222.99	1151139.00000	1154488.00000	0.997099146981
2832100000.00	3729001224.32	1158744.00000	1159198.00000	0.999608349911
2832400000.00	3729001225.60	1149628.00000	1151773.00000	0.998137653861
2832700000.00	3729001226.90	1142845.00000	1144847.00000	0.998251294714
2833000000.00	3729001228.17	1141517.00000	1144372.00000	0.997505181881
2833300000.00	3729001229.49	1143856.00000	1144747.00000	0.999221662079
2833600000.00	3729001230.78	1138059.00000	1141881.00000	0.996652891151
2833900000.00	3729001232.07	1141814.00000	1144462.00000	0.997686249085
2834200000.00	3729001233.39	1141094.00000	1143911.00000	0.997537395829
2834500000.00	3729001234.68	1139394.00000	1141947.00000	0.997764344580
2834800000.00	3729001235.96	1145718.00000	1147892.00000	0.998106093605
2835100000.00	3729001237.29	1142826.00000	1147196.00000	0.996190711962
2835400000.00	3729001238.57	1145986.00000	1149294.00000	0.997121711242
2835700000.00	3729001239.85	1148974.00000	1150904.00000	0.998323057353
2836000000.00	3729001241.18	1141164.00000	1144058.00000	0.997470407969
2836300000.00	3729001242.46	1140424.00000	1143102.00000	0.997657251934
2836600000.00	3729001243.74	1150129.00000	1150852.00000	0.999371769784
2836900000.00	3729001245.08	1144190.00000	1146659.00000	0.997846787929
2837200000.00	3729001246.36	1145051.00000	1147381.00000	0.997969288318
2837500000.00	3729001247.64	1142341.00000	1143111.00000	0.999326399623
2837800000.00	3729001248.96	1149101.00000	1154480.00000	0.995340759476
2838100000.00	3729001250.26	1144587.00000	1148698.00000	0.996421165528
2838400000.00	3729001251.54	1149241.00000	1153630.00000	0.996195487288
2838700000.00	3729001252.87	1147283.00000	1150955.00000	0.996809605936
2839000000.00	3729001254.16	1143131.00000	1147210.00000	0.996444417326
2839300000.00	3729001255.45	1143469.00000	1150538.00000	0.993855917840
2839600000.00	3729001256.78	1143430.00000	1148507.00000	0.995579478401
2839900000.00	3729001258.07	1137876.00000	1144766.00000	0.993981302729
2840200000.00	3729001259.36	1138109.00000	1143860.00000	0.994972286818
2840500000.00	3729001260.69	1135051.00000	1141267.00000	0.994553421767
2840800000.00	3729001261.98	1140873.00000	1146135.00000	0.995408917798
2841100000.00	3729001263.27	1138888.00000	1143662.00000	0.995825689758
2841400000.00	3729001264.60	1132324.00000	1139394.00000	0.993794947139
2841700000.00	3729001265.88	1129055.00000	1139113.00000	0.991170322874
2842000000.00	3729001267.17	1133689.00000	1142475.00000	0.992309678549
2842300000.00	3729001268.47	1133977.00000	1144733.00000	0.990603922487
2842600000.00	3729001269.77	1131606.00000	1140779.00000	0.991959003453
2842900000.00	3729001271.06	1133843.00000	1142711.00000	0.992239507627
2843200000.00	3729001272.39	1130738.00000	1136923.00000	0.994559877846
2843500000.00	3729001273.67	1135847.00000	1146377.00000	0.990814540068
2843800000.00	3729001274.97	1136840.00000	1146815.00000	0.991301997271
2844100000.00	3729001276.30	1138928.00000	1148767.00000	0.991435164833
2844400000.00	3729001277.59	1135065.00000	1147197.00000	0.989424658537
2844700000.00	3729001278.87	1136609.00000	1144419.00000	0.993175576428
2845000000.00	3729001280.19	1124160.00000	1133198.00000	0.992024341730
2845300000.00	3729001281.47	1142752.00000	1152283.00000	0.991728594451
2845600000.00	3729001282.75	1149797.00000	1157458.00000	0.993381185322
2845900000.00	3729001284.07	1171830.00000	1179262.00000	0.993697753341
2846200000.00	3729001285.37	1190309.00000	1199680.00000	0.992188750333
2846500000.00	3729001286.66	1196066.00000	1206168.00000	0.991624715628
2846800000.00	3729001287.99	1204956.00000	1213866.00000	0.992659815828
2847100000.00	3729001289.27	1208594.00000	1218514.00000	0.991858936377
2847400000.00	3729001290.55	1207723.00000	1214591.00000	0.994345421628
2847700000.00	3729001291.88	1212585.00000	1215193.00000	0.997853838855
2848000000.00	3729001293.17	1212178.00000	1216570.00000	0.996389850152
2848300000.00	3729001294.46	1210923.00000	1214291.00000	0.997226365015
2848600000.00	3729001295.79	1209713.00000	1213685.00000	0.996727322163
2848900000.00	3729001297.08	1209443.00000	1214849.00000	0.995550064247
2849200000.00	3729001298.37	1213457.00000	1218867.00000	0.995561451742
2849500000.00	3729001299.65	1212039.00000	1216369.00000	0.996440224965
2849800000.00	3729001300.98	1213445.00000	1216870.00000	0.997185401892
2850100000.00	3729001302.27	1210820.00000	1212460.00000	0.998647378058
2850400000.00	3729001303.56	1213834.00000	1217468.00000	0.997015116619
2850700000.00	3729001304.88	1211032.00000	1214317.00000	0.997294775582
2851000000.00	3729001306.16	1212645.00000	1215164.00000	0.997927028780
2851300000.00	3729001307.46	1213202.00000	1218278.00000	0.995833463298
2851600000.00	3729001308.78	1213623.00000	1215275.00000	0.998640636893
2851900000.00	3729001310.06	1212734.00000	1216529.00000	0.996880468941
2852200000.00	3729001311.36	1213084.00000	1217627.00000	0.996268972354
2852500000.00	3729001312.67	1213731.00000	1215300.00000	0.998708960750
2852800000.00	3729001313.97	1213316.00000	1217116.00000	0.996877865380
2853100000.00	3729001315.26	1214820.00000	1217842.00000	0.997518561521
2853400000.00	3729001316.58	1210920.00000	1216379.00000	0.995512089571
2853700000.00	3729001317.87	1214555.00000	1216941.00000	0.998039346197
2854000000.00	3729001319.20	1210055.00000	1214007.00000	0.996744664569
2854300000.00	3729001320.48	1210328.00000	1215300.00000	0.995908829096
2854600000.00	3729001321.78	1209559.00000	1213272.00000	0.996939680467
2854900000.00	3729001323.11	1210608.00000	1213760.00000	0.997403110994
2855200000.00	3729001324.40	1210019.00000	1214762.00000	0.996095531470
2855500000.00	3729001325.69	1212030.00000	1217538.00000	0.995476116557
2855800000.00	3729001326.97	1211311.00000	1213841.00000	0.997915707247
2856100000.00	3729001328.30	1209174.00000	1214310.00000	0.995770437532
2856400000.00	3729001329.59	1211097.00000	1215655.00000	0.996250580963
2856700000.00	3729001330.88	1208372.00000	1211683.00000	0.997267437110
2857000000.00	3729001332.20	1213372.00000	1215591.00000	0.998174550486
2857300000.00	3729001333.49	1213481.00000	1217701.00000	0.996534453039
2857600000.00	3729001334.78	1211544.00000	1217227.00000	0.995331191306
2857900000.00	3729001336.09	1213177.00000	1217086.00000	0.996788230248
2858200000.00	3729001337.39	1210838.00000	1215107.00000	0.996486729152
2858500000.00	3729001338.68	1211570.00000	1216538.00000	0.995916280461
2858800000.00	3729001340.00	1210615.00000	1213457.00000	0.997657931019
2859100000.00	3729001341.29	1209696.00000	1210788.00000	0.999098108009
2859400000.00	3729001342.58	1204644.00000	1209756.00000	0.995774354498
2859700000.00	3729001343.90	1205047.00000	1207668.00000	0.997829701540
2860000000.00	3729001345.18	1207427.00000	1211069.00000	0.996992739472
2860300000.00	3729001346.46	1208041.00000	1210996.00000	0.997559859818
2860600000.00	3729001347.79	1208627.00000	1214165.00000	0.995438840685
2860900000.00	3729001349.07	1207850.00000	1215694.00000	0.993547718423
2861200000.00	3729001350.35	1204218.00000	1209991.00000	0.995228890132
2861500000.00	3729001351.68	1208294.00000	1213689.00000	0.995554874437
2861800000.00	3729001352.96	1208421.00000	1212930.00000	0.996282555465
2862100000.00	3729001354.26	1208651.00000	1215145.00000	0.994655781820
2862400000.00	3729001355.59	1206352.00000	1212800.00000	0.994683377309
2862700000.00	3729001356.87	1205381.00000	1210080.00000	0.996116785667
2863000000.00	3729001358.17	1201765.00000	1209581.00000	0.993538258289
2863300000.00	3729001359.49	1202575.00000	1209709.00000	0.994102713958
2863600000.00	3729001360.79	1204016.00000	1210199.00000	0.994890922898
2863900000.00	3729001362.08	1203180.00000	1210521.00000	0.993935669022
2864200000.00	3729001363.40	1202485.00000	1211855.00000	0.992268051871
2864500000.00	3729001364.68	1203994.00000	1212463.00000	0.993015044583
2864800000.00	3729001365.97	1202409.00000	1212470.00000	0.991702062731
2865100000.00	3729001367.29	1205217.00000	1214118.00000	0.992668752131
2865400000.00	3729001368.59	1198112.00000	1209939.00000	0.990225127052
2865700000.00	3729001369.88	1201635.00000	1214925.00000	0.989061053151
2866000000.00	3729001371.21	1200256.00000	1212120.00000	0.990212190212
2866300000.00	3729001372.50	1193019.00000	1207501.00000	0.988006635191
2866600000.00	3729001373.79	1198434.00000	1211033.00000	0.989596484984
2866900000.00	3729001375.11	1197465.00000	1210240.00000	0.989444242464
2867200000.00	3729001376.39	1200549.00000	1211991.00000	0.990559335837
2867500000.00	3729001377.67	1200378.00000	1211663.00000	0.990686354209
2867800000.00	3729001378.99	1202378.00000	1213197.00000	0.991082239735
2868100000.00	3729001380.28	1202804.00000	1214300.00000	0.990532817261
2868400000.00	3729001381.61	1201677.00000	1212128.00000	0.991377973283
2868700000.00	3729001382.90	1206154.00000	1216247.00000	0.991701521155
2869000000.00	3729001384.19	1206482.00000	1216330.00000	0.991903513027
2869300000.00	3729001385.52	1204969.00000	1212850.00000	0.993502081873
2869600000.00	3729001386.81	1205283.00000	1212008.00000	0.994451356757
2869900000.00	3729001388.10	1203774.00000	1211631.00000	0.993515352446
2870200000.00	3729001389.42	1200838.00000	1208225.00000	0.993886072544
2870500000.00	3729001390.72	1206019.00000	1213796.00000	0.993592827790
2870800000.00	3729001391.99	1200730.00000	1211728.00000	0.990923705650
2871100000.00	3729001393.27	1194766.00000	1207877.00000	0.989145417952
2871400000.00	3729001394.60	1199703.00000	1213138.00000	0.988925414916
2871700000.00	3729001395.89	1198482.00000	1211681.00000	0.989106868887
2872000000.00	3729001397.18	1196270.00000	1207774.00000	0.990475039204
2872300000.00	3729001398.49	1199007.00000	1210997.00000	0.990099067132
2872600000.00	3729001399.79	1198799.00000	1214098.00000	0.987398875544
2872900000.00	3729001401.08	1201661.00000	1214271.00000	0.989615168278
2873200000.00	3729001402.40	1200090.00000	1210502.00000	0.991398609833
2873500000.00	3729001403.68	1197292.00000	1213533.00000	0.986616762791
2873800000.00	3729001404.98	1204170.00000	1215985.00000	0.990283597248
2874100000.00	3729001406.30	1202743.00000	1213164.00000	0.991410064921
2874400000.00	3729001407.59	1204900.00000	1212835.00000	0.993457477728
2874700000.00	3729001408.91	1201291.00000	1209043.00000	0.993588317372
2875000000.00	3729001410.21	1204870.00000	1211827.00000	0.994259081536
2875300000.00	3729001411.50	1206453.00000	1212058.00000	0.995375633839
2875600000.00	3729001412.82	1204451.00000	1212006.00000	0.993766532509
2875900000.00	3729001414.12	1204477.00000	1211339.00000	0.994335194359
2876200000.00	3729001415.40	1202663.00000	1210361.00000	0.993639914042
2876500000.00	3729001416.74	1203326.00000	1212278.00000	0.992615555178
2876800000.00	3729001418.03	1207721.00000	1213570.00000	0.995180335704
2877100000.00	3729001419.32	1203605.00000	1208624.00000	0.995847343756
2877400000.00	3729001420.65	1201065.00000	1206826.00000	0.995226320944
2877700000.00	3729001421.93	1204982.00000	1210264.00000	0.995635662963
2878000000.00	3729001423.23	1204553.00000	1209339.00000	0.996042466174
2878300000.00	3729001424.56	1205234.00000	1210050.00000	0.996019999174
2878600000.00	3729001425.85	1208090.00000	1210817.00000	0.997747801691
2878900000.00	3729001427.14	1207818.00000	1210022.00000	0.998178545514
2879200000.00	3729001428.46	1204001.00000	1209609.00000	0.995363791109
2879500000.00	3729001429.76	1204895.00000	1209171.00000	0.996463692894
2879800000.00	3729001431.04	1212699.00000	1215686.00000	0.997542951058
2880100000.00	3729001432.38	1207224.00000	1208642.00000	0.998826782455
2880400000.00	3729001433.66	1206117.00000	1212111.00000	0.995054908338
2880700000.00	3729001434.96	1206217.00000	1210257.00000	0.996661866033
2881000000.00	3729001436.28	1205014.00000	1210958.00000	0.995091489548
2881300000.00	3729001437.58	1210113.00000	1213143.00000	0.997502355452
2881600000.00	3729001438.86	1207767.00000	1214731.00000	0.994267043485
2881900000.00	3729001440.18	1210463.00000	1213657.00000	0.997368284449
2882200000.00	3729001441.47	1210450.00000	1212924.00000	0.997960300893
2882500000.00	3729001442.76	1213472.00000	1214650.00000	0.999030173301
2882800000.00	3729001444.09	1207932.00000	1214119.00000	0.994904123896
2883100000.00	3729001445.37	1205466.00000	1209960.00000	0.996285827631
2883400000.00	3729001446.67	1209700.00000	1212332.00000	0.997828977541
2883700000.00	3729001448.00	1210534.00000	1213599.00000	0.997474454082
2884000000.00	3729001449.28	1210568.00000	1215929.00000	0.995591025463
2884300000.00	3729001450.58	1207974.00000	1212590.00000	0.996193272252
2884600000.00	3729001451.91	1209254.00000	1212806.00000	0.997071254595
2884900000.00	3729001453.20	1208018.00000	1213370.00000	0.995589144284
2885200000.00	3729001454.48	1207589.00000	1211738.00000	0.996575992500
2885500000.00	3729001455.82	1208830.00000	1213512.00000	0.996141776925
2885800000.00	3729001457.11	1210924.00000	1213045.00000	0.998251507570
2886100000.00	3729001458.39	1209310.00000	1213962.00000	0.996167919589
2886400000.00	3729001459.71	1211253.00000	1213468.00000	0.998174653143
2886700000.00	3729001461.00	1208829.00000	1211645.00000	0.997675886914
2887000000.00	3729001462.28	1208993.00000	1210624.00000	0.998652760890
2887300000.00	3729001463.62	1207661.00000	1210312.00000	0.997809655692
2887600000.00	3729001464.91	1211228.00000	1213226.00000	0.998353151021
2887900000.00	3729001466.20	1209373.00000	1213360.00000	0.996714083207
2888200000.00	3729001467.52	1204670.00000	1209060.00000	0.996369080112
2888500000.00	3729001468.82	1206560.00000	1211687.00000	0.995768709246
2888800000.00	3729001470.08	1206906.00000	1212975.00000	0.994996599270
2889100000.00	3729001471.42	1205111.00000	1210583.00000	0.995479863834
2889400000.00	3729001472.71	1204990.00000	1208665.00000	0.996959455267
2889700000.00	3729001473.99	1208637.00000	1212786.00000	0.996578951274
2890000000.00	3729001475.31	1206826.00000	1211170.00000	0.996413385404
2890300000.00	3729001476.59	1205838.00000	1212035.00000	0.994887111346
2890600000.00	3729001477.89	1207413.00000	1217259.00000	0.991911335221
2890900000.00	3729001479.22	1205936.00000	1214005.00000	0.993353404640
2891200000.00	3729001480.51	1204524.00000	1214224.00000	0.992011358695
2891500000.00	3729001481.80	1204733.00000	1213698.00000	0.992613483750
2891800000.00	3729001483.13	1202880.00000	1213053.00000	0.991613721742
2892100000.00	3729001484.41	1199615.00000	1210926.00000	0.990659214518
2892400000.00	3729001485.71	1201767.00000	1212946.00000	0.990783596302
2892700000.00	3729001487.03	1201698.00000	1214209.00000	0.989696172570
2893000000.00	3729001488.33	1205328.00000	1213037.00000	0.993644876455
2893300000.00	3729001489.62	1199790.00000	1211024.00000	0.990723552960
2893600000.00	3729001490.94	1202186.00000	1212290.00000	0.991665360599
2893900000.00	3729001492.22	1204201.00000	1211991.00000	0.993572559532
2894200000.00	3729001493.50	1203475.00000	1215176.00000	0.990370942152
2894500000.00	3729001494.81	1204138.00000	1212588.00000	0.993031433595
2894800000.00	3729001496.09	1200966.00000	1212699.00000	0.990324886885
2895100000.00	3729001497.38	1202983.00000	1214153.00000	0.990800170983
2895400000.00	3729001498.71	1206568.00000	1217436.00000	0.991073042033
2895700000.00	3729001500.00	1201962.00000	1214035.00000	0.990055476160
2896000000.00	3729001501.29	1205503.00000	1214475.00000	0.992612445707
2896300000.00	3729001502.62	1204372.00000	1215810.00000	0.990592280044
2896600000.00	3729001503.91	1203447.00000	1211729.00000	0.993165138410
2896900000.00	3729001505.20	1201575.00000	1210319.00000	0.992775458371
2897200000.00	3729001506.53	1206179.00000	1213556.00000	0.993921170510
2897500000.00	3729001507.82	1209894.00000	1217252.00000	0.993955236878
2897800000.00	3729001509.11	1208162.00000	1213948.00000	0.995233733241
2898100000.00	3729001510.44	1210620.00000	1214847.00000	0.996520549501
2898400000.00	3729001511.73	1209417.00000	1214198.00000	0.996062421450
2898700000.00	3729001513.02	1212959.00000	1216373.00000	0.997193295149
2899000000.00	3729001514.35	1210323.00000	1216620.00000	0.994824185037
2899300000.00	3729001515.63	1212732.00000	1214698.00000	0.998381490708
2899600000.00	3729001516.91	1215655.00000	1217567.00000	0.998429655206
2899900000.00	3729001518.24	1210079.00000	1214887.00000	0.996042430284
2900200000.00	3729001519.53	1214723.00000	1218085.00000	0.997239929890
2900500000.00	3729001520.82	1214860.00000	1220743.00000	0.995180803822
2900800000.00	3729001522.15	1213570.00000	1217929.00000	0.996420973636
2901100000.00	3729001523.44	1213907.00000	1216574.00000	0.997807778236
2901400000.00	3729001524.72	1213498.00000	1216881.00000	0.997219941802
2901700000.00	3729001526.06	1212285.00000	1213485.00000	0.999011112622
2902000000.00	3729001527.35	1213571.00000	1217886.00000	0.996456975448
2902300000.00	3729001528.64	1213342.00000	1219714.00000	0.994775824497
2902600000.00	3729001529.97	1215561.00000	1216720.00000	0.999047439016
2902900000.00	3729001531.26	1217397.00000	1217397.00000	1.00000000000
2903200000.00	3729001532.54	1217931.00000	1219710.00000	0.998541456576
2903500000.00	3729001533.86	1216874.00000	1220359.00000	0.997144282953
2903800000.00	3729001535.14	1216220.00000	1218146.00000	0.998418908735
2904100000.00	3729001536.44	1214136.00000	1214933.00000	0.999343996747
2904400000.00	3729001537.77	1214324.00000	1216028.00000	0.998598716477
2904700000.00	3729001539.05	1216890.00000	1217833.00000	0.999225673799
2905000000.00	3729001540.33	1217120.00000	1216924.00000	1.00016106182
2905300000.00	3729001541.61	1217621.00000	1218401.00000	0.999359816678
2905600000.00	3729001542.95	1218769.00000	1219095.00000	0.999732588519
2905900000.00	3729001544.24	1218944.00000	1220426.00000	0.998785669922
2906200000.00	3729001545.53	1216455.00000	1217143.00000	0.999434741850
2906500000.00	3729001546.83	1216447.00000	1216726.00000	0.999770696114
2906800000.00	3729001548.13	1214934.00000	1215818.00000	0.999272917493
2907100000.00	3729001549.42	1214887.00000	1217593.00000	0.997777582493
2907400000.00	3729001550.75	1214913.00000	1214614.00000	1.00024616874
2907700000.00	3729001552.04	1213196.00000	1216681.00000	0.997135650183
2908000000.00	3729001553.32	1212755.00000	1217176.00000	0.996367821909
2908300000.00	3729001554.66	1217255.00000	1219275.00000	0.998343277768
2908600000.00	3729001555.95	1216877.00000	1218557.00000	0.998621320135
2908900000.00	3729001557.24	1217680.00000	1219605.00000	0.998421620115
2909200000.00	3729001558.57	1216551.00000	1219381.00000	0.997679150323
2909500000.00	3729001559.86	1219226.00000	1221078.00000	0.998483307373
2909800000.00	3729001561.15	1217116.00000	1221229.00000	0.996632081289
2910100000.00	3729001562.47	1216307.00000	1218583.00000	0.998132256892
